// font data for 8Bit.dds || 8BitOutline.dds 4096*64
0 0 0.015625 64 64
1 0.015625 0.03125 64 64
2 0.03125 0.046875 64 64
3 0.046875 0.0625 64 64
4 0.0625 0.078125 64 64
5 0.078125 0.09375 64 64
6 0.09375 0.109375 64 64
7 0.109375 0.125 64 64
8 0.125 0.140625 64 64
9 0.140625 0.15625 64 64
A 0.15625 0.171875 64 64
B 0.171875 0.1875 64 64
C 0.1875 0.203125 64 64
D 0.203125 0.21875 64 64
E 0.21875 0.234375 64 64
F 0.234375 0.25 64 64
G 0.25 0.265625 64 64
H 0.265625 0.28125 64 64
I 0.28125 0.296875 64 64
J 0.296875 0.3125 64 64
K 0.3125 0.328125 64 64
L 0.328125 0.34375 64 64
M 0.34375 0.359375 64 64
N 0.359375 0.375 64 64
O 0.375 0.390625 64 64
P 0.390625 0.40625 64 64
Q 0.40625 0.421875 64 64
R 0.421875 0.4375 64 64
S 0.4375 0.453125 64 64
T 0.453125 0.46875 64 64
U 0.46875 0.484375 64 64
V 0.484375 0.5 64 64
W 0.5 0.515625 64 64
X 0.515625 0.53125 64 64
Y 0.53125 0.546875 64 64
Z 0.546875 0.5625 64 64
_ 0.5625 0.578125 64 64
