// Font Data for 8BitFont.png - 2048*64
0 0 0.00390625 64 64
1 0.00390625 0.0078125 64 64
2 0.0078125 0.01171875 64 64
3 0.01171875 0.015625 64 64
4 0.015625 0.01953125 64 64
5 0.01953125 0.0234375 64 64
6 0.0234375 0.02734375 64 64
7 0.02734375 0.03125 64 64
8 0.03125 0.03515625 64 64
9 0.03515625 0.0390625 64 64
A 0.0390625 0.04296875 64 64
B 0.04296875 0.046875 64 64
C 0.046875 0.05078125 64 64
D 0.05078125 0.0546875 64 64
E 0.0546875 0.05859375 64 64
F 0.05859375 0.0625 64 64
G 0.0625 0.06640625 64 64
H 0.06640625 0.0703125 64 64
I 0.0703125 0.07421875 64 64
J 0.07421875 0.078125 64 64
K 0.078125 0.08203125 64 64
L 0.08203125 0.0859375 64 64
M 0.0859375 0.08984375 64 64
N 0.08984375 0.09375 64 64
O 0.09375 0.09765625 64 64
P 0.09765625 0.1015625 64 64
Q 0.1015625 0.10546875 64 64
R 0.10546875 0.109375 64 64
S 0.109375 0.11328125 64 64
T 0.11328125 0.1171875 64 64
U 0.1171875 0.12109375 64 64
V 0.12109375 0.125 64 64
W 0.125 0.12890625 64 64
X 0.12890625 0.1328125 64 64
Y 0.1328125 0.13671875 64 64
Z 0.13671875 0.140625 64 64